E-5_OLYMPUS_25mm_F2.8_OLYMPUS_IMAGING_CORP. 25 0.494092866206 0.493769165377 -0.0198011909492 0.00141781704772
E-5_OLYMPUS_40-150mm_Lens_OLYMPUS_IMAGING_CORP. 40 0.551587867341 0.381503877883 -0.00279325911453 3.21974930206e-05
E-5_OLYMPUS_40-150mm_Lens_OLYMPUS_IMAGING_CORP. 68 0.491605642297 0.553824814334 0.0070108149608 0.000234359144895
E-5_OLYMPUS_40-150mm_Lens_OLYMPUS_IMAGING_CORP. 100 0.496044616751 0.53567424458 0.010048559399 9.75109260365e-05
E-5_OLYMPUS_50mm_Lens_OLYMPUS_IMAGING_CORP. 50 0.507997328987 0.545183834021 -0.00346842579966 -3.28681960445e-05
E-5_OLYMPUS_35mm_Lens_OLYMPUS_IMAGING_CORP. 35 0.496367955785 0.506801016001 -0.00947200264886 0.000241057141206
E-5_OLYMPUS_14-45mm_Lens_OLYMPUS_IMAGING_CORP. 14 0.493429370258 0.493282159776 -0.0499309344974 0.0122819167542
E-5_OLYMPUS_14-45mm_Lens_OLYMPUS_IMAGING_CORP. 18 0.492268514009 0.489178447454 -0.0318016743407 0.00490743508502
E-5_OLYMPUS_14-45mm_Lens_OLYMPUS_IMAGING_CORP. 25 0.496951596336 0.486875470321 -0.016293666665 0.00111510267894
E-5_OLYMPUS_14-45mm_Lens_OLYMPUS_IMAGING_CORP. 35 0.48662495906 0.49860442573 -0.00601675881848 -0.000473978060907
E-5_OLYMPUS_14-45mm_Lens_OLYMPUS_IMAGING_CORP. 45 0.481451861636 0.512048221214 -0.00155566408715 -0.00103223653058
Samsung_SOC1040__Parrot_AR.Drone 0 0.479677389529 0.519622175952 -0.173014951492 0.0331646970168
GT-I8160P__SAMSUNG 3.5 0.497156408587 0.49964775269 0.0183846817138 -0.0146877983532
E-330_Olympus_Zuiko_Digital_25mm_F2.8_OLYMPUS_IMAGING_CORP. 25 0.486170322509 0.497295061198 -0.0202858091246 0.0013767231196
E-330_Olympus_Zuiko_Digital_40-150mm_F3.5-4.5_OLYMPUS_IMAGING_CORP. 40 0.492820306892 0.395616989625 -0.00362066750995 -2.61871659095e-05
E-330_Olympus_Zuiko_Digital_40-150mm_F3.5-4.5_OLYMPUS_IMAGING_CORP. 71 0.491888210003 0.561719618581 0.00719537356019 0.000367837241942
E-330_Olympus_Zuiko_Digital_40-150mm_F3.5-4.5_OLYMPUS_IMAGING_CORP. 100 0.494383869734 0.539254313024 0.00988822125445 0.000238665804133
E-330_Olympus_Zuiko_Digital_ED_50mm_F2.0_Macro_OLYMPUS_IMAGING_CORP. 50 0.485833483088 0.527312592536 -0.00359572473134 -8.35343844762e-05
E-330_Olympus_Zuiko_Digital_35mm_F3.5_Macro_OLYMPUS_IMAGING_CORP. 35 0.484762063597 0.506501299587 -0.00948874118156 0.000258017478089
E-330_Olympus_Zuiko_Digital_14-45mm_F3.5-5.6_OLYMPUS_IMAGING_CORP. 14 0.491411754875 0.491457252243 -0.0492080746716 0.0120112480728
E-330_Olympus_Zuiko_Digital_14-45mm_F3.5-5.6_OLYMPUS_IMAGING_CORP. 18 0.490570459977 0.488911537687 -0.03147149298 0.00489918042671
E-330_Olympus_Zuiko_Digital_14-45mm_F3.5-5.6_OLYMPUS_IMAGING_CORP. 25 0.490685731049 0.485697660849 -0.0164082649561 0.00114621248158
E-330_Olympus_Zuiko_Digital_14-45mm_F3.5-5.6_OLYMPUS_IMAGING_CORP. 35 0.476665816501 0.49087447331 -0.00559098152079 -0.000732026999093
E-330_Olympus_Zuiko_Digital_14-45mm_F3.5-5.6_OLYMPUS_IMAGING_CORP. 45 0.461040039178 0.50850649336 -0.00101136903427 -0.00144934289816
EX-F1__CASIO_COMPUTER_CO.,LTD. 7.3 0.518957963626 0.493471536828 -0.0267048635732 0.00783601663005
EX-F1__CASIO_COMPUTER_CO.,LTD. 7.9 0.51943800932 0.49354478727 -0.0247274484768 0.00798861753712
EX-F1__CASIO_COMPUTER_CO.,LTD. 8.3 0.520467657947 0.491525825518 -0.0207449648623 0.00765333895128
EX-F1__CASIO_COMPUTER_CO.,LTD. 9.4 0.521351581468 0.48674064627 -0.011856168021 0.00610159573862
EX-F1__CASIO_COMPUTER_CO.,LTD. 8.8 0.520729624027 0.487778368217 -0.0155480214976 0.00695541643487
EX-F1__CASIO_COMPUTER_CO.,LTD. 10 0.515925181002 0.48780202595 -0.0104022808517 0.00595047955777
EX-F1__CASIO_COMPUTER_CO.,LTD. 20.2 0.538323826479 0.495933517048 0.00254111371221 0.00124567349246
EX-F1__CASIO_COMPUTER_CO.,LTD. 40.6 0.488758947553 0.474949204995 0.00462796492407 0.000313250238163
QV-2800UX__CASIO 6.2 0.486773387172 0.527888266238 -0.0399880042102 0.00701157150893
QV-2800UX__CASIO 8.1 0.500795368208 0.525370446567 -0.0126993537062 0.00780894160988
QV-2800UX__CASIO 10.9 0.520974549496 0.518903011226 0.00136511448314 0.00587744142665
QV-2800UX__CASIO 13.3 0.51554469568 0.517867528958 0.00481910342088 0.00523330583573
QV-2800UX__CASIO 20 0.527007750344 0.524852082906 0.00947357715279 0.00205540726407
GT-I9000__SAMSUNG 3.8 0.510998760156 0.517074429684 0.0119812854248 -0.0142398243815
QV-3500EX__CASIO 7.1 0.483785041013 0.510531813414 -0.0446103466042 0.0114376286376
QV-3500EX__CASIO 8.4 0.486055343985 0.5127472688 -0.0241805442217 0.00686585228728
QV-3500EX__CASIO 10.4 0.484122606792 0.495524982525 -0.00767481692196 0.0033338777217
QV-3500EX__CASIO 14.2 0.471426065693 0.551836437706 0.000317766431505 0.000808929617089
QV-3500EX__CASIO 18.7 0.454369450553 0.746400914147 0.00122482555967 4.78483575979e-05
QV-3500EX__CASIO 20.7 0.48912886682 0.598658220667 0.00425010113767 -0.000204489517894
DiMAGE_A1__Minolta_Co.,_Ltd. 7.2 0.399327308447 0.689480530162 -0.064138286753 0.0192993582428
DiMAGE_A1__Minolta_Co.,_Ltd. 8.4 0.797683407971 1.13478665112 0.00085855017042 -0.000871935073217
DiMAGE_A1__Minolta_Co.,_Ltd. 12.3 0.407006331341 0.68256683387 -0.0031695199569 0.006282201808
DiMAGE_A1__Minolta_Co.,_Ltd. 26.3 0.41769312476 0.700334852309 0.00755095205465 0.00256948491847
DiMAGE_A1__Minolta_Co.,_Ltd. 50.8 0.40947119229 0.661119002827 0.0108244018069 0.000654710212644
QV-2000UX__CASIO 6.6 0.476250625253 0.521639346133 -0.0532078861247 0.0137941121971
QV-2000UX__CASIO 7.5 0.476124614955 0.488671212427 -0.028103372879 0.00864873795102
QV-2000UX__CASIO 8.8 0.471009922706 0.440964471641 -0.0103768530081 0.00398126455756
QV-2000UX__CASIO 12.2 0.507827329012 0.587395777714 0.00496068491916 0.0013373368935
QV-2000UX__CASIO 19.1 0.505885002568 0.572707801638 0.00500182456466 0.000347903317556
SPORT_DV__Unkown 2.7 0.509077533748 0.523251979808 -0.218580232975 0.0336910707186
c900 0 0.509665211586 0.520105596831 0.0481159796188 -0.0363502413895
